   1.8322726e-01  -1.0297675e+00
   9.4922183e-01   3.0706192e-01
   1.3517494e-01   5.1524634e-01
   2.6140632e-01  -9.4148577e-01
  -1.6233767e-01  -1.4605463e-01
  -5.3201138e-01   1.6821036e+00
  -8.7572935e-01  -4.8381505e-01
  -7.1200455e-01  -1.1742123e+00
  -1.9223952e-01  -2.7407023e-01
   1.5300725e+00  -2.4902474e-01
  -1.0642134e+00   1.6034573e+00
   1.2346791e+00  -2.2962645e-01
  -1.5061597e+00  -4.4462782e-01
  -1.5594104e-01   2.7606825e-01
  -2.6116365e-01   4.4342191e-01
   3.9189421e-01  -1.2506789e+00
  -9.4796092e-01  -7.4110609e-01
  -5.0781755e-01  -3.2057551e-01
   1.2469041e-02  -3.0291773e+00
  -4.5701464e-01   1.2424484e+00
  -1.0667014e+00   9.3372816e-01
   3.5032100e-01  -2.9005764e-02
   1.8245217e-01  -1.5650560e+00
  -8.4539480e-02   1.6039464e+00
   9.8347775e-02   4.1373613e-02
  -7.3416911e-01  -3.0813730e-02
   2.3234701e-01   4.2638756e-01
  -3.7280874e-01  -2.3645458e-01
   2.0236909e+00  -2.2583540e+00
   2.2294457e+00   3.3756370e-01
   1.0000608e+00  -1.6641645e+00
  -5.9003456e-01  -2.7806416e-01
   4.2271569e-01  -1.6702007e+00
   4.7163433e-01  -1.2128472e+00
   6.6190048e-02   6.5235589e-01
   3.2705997e-01   1.0826335e+00
   1.0060771e+00  -6.5090774e-01
   2.5705616e-01  -9.4437781e-01
  -1.3217885e+00   9.2482593e-01
   4.9849075e-05  -5.4918915e-02
   9.1112727e-01   5.9458370e-01
   3.5020117e-01   1.2502512e+00
   9.2978946e-01   2.3976326e-01
  -6.9036110e-01  -6.5155364e-01
   1.1921019e+00  -1.6118304e+00
  -2.4461937e-02  -1.9488472e+00
   1.0204980e+00   8.6171630e-01
   1.1620835e-03  -7.0837213e-02
  -2.4862839e+00   5.8117232e-01
  -2.1924349e+00  -2.3192803e+00
   7.9933710e-02  -9.4848098e-01
   4.1149062e-01   6.7697781e-01
   8.5773255e-01  -6.9115913e-01
   4.4937762e-01   1.0063335e-01
   8.2607000e-01   5.3615708e-01
   8.9788843e-01  -1.3193787e-01
  -1.4720146e-01   1.0077734e+00
  -2.1236555e+00  -5.0458641e-01
  -1.2705944e+00  -3.8258480e-01
   6.4867926e-01   8.2572715e-01
  -1.0149436e+00  -4.7106991e-01
   1.3702487e-01  -2.9186338e-01
   3.0181856e-01   3.9993094e-01
  -9.2996156e-01  -1.7683027e-01
  -2.1320946e+00   1.1453617e+00
  -6.2909076e-01  -1.2038500e+00
  -2.5394468e-01  -1.4286469e+00
  -2.0857618e-02  -5.6066500e-01
   2.1777787e+00   1.1384654e+00
  -2.4968865e+00   4.4132693e-01
  -1.3981379e+00  -2.5505518e-01
   1.6440407e-01   7.4773403e-01
  -2.7304695e-01   1.5763001e+00
  -4.8093715e-01   3.2751212e-01
   6.6473412e-01   8.5188593e-02
   8.8095279e-01   3.2321314e-01
  -7.8414618e-01  -1.8053734e+00
   1.8585929e+00  -6.0453009e-01
   1.0335972e-01   5.6316696e-01
   1.1359700e-01  -9.0472621e-01
  -4.6771458e-01  -1.2488995e-01
   1.4789585e+00  -8.6081569e-01
   7.8466847e-01   3.0862314e-01
  -2.3386004e-01  -1.0569727e+00
  -2.8414095e-01  -8.6690282e-02
  -1.4693951e+00   1.9218224e-01
  -8.2229328e-01  -9.4240588e-02
   3.3621334e-01  -9.0465406e-01
  -2.8825636e-01   3.5006276e-01
  -1.8358591e+00   1.0359759e+00
   2.4244611e+00   9.5940051e-01
  -3.1577200e-01   4.2862268e-01
  -1.0359848e+00   1.8778655e+00
   9.4070440e-01   7.8734578e-01
  -8.7587426e-01   3.1994913e-01
  -5.5829428e-01  -3.1142942e-01
  -5.7000992e-01  -1.0257336e+00
  -9.0874559e-01  -2.0989733e-01
  -1.6988641e+00   6.0760058e-01
  -1.1779829e-01   6.9916033e-01
   3.5376671e+00   4.8338850e+00
   7.4115314e-01   3.8621733e+00
   3.3187652e+00   1.6923117e+00
   2.5664080e+00   3.3426245e+00
   6.5783969e+00   5.7694370e+00
   1.6501131e+00   6.0349235e+00
   3.7254042e+00   2.9369451e+00
   3.7147429e+00   2.7950339e+00
   2.8758557e+00   4.4896976e+00
   4.4090345e+00   4.4171924e+00
   3.6714971e+00   1.7925131e+00
   3.7172387e+00   4.6302353e+00
   3.4888938e+00   4.0346930e+00
   3.7268851e+00   2.6965591e+00
   3.2938715e+00   2.2127172e+00
   3.8883956e+00   1.8529299e+00
   1.9311295e+00   2.1905013e+00
   5.5715838e-02   4.4383803e+00
   3.3251905e+00   2.2450717e+00
   4.3702985e+00   1.2884836e+00
   2.8977576e+00   2.7585530e+00
   3.3192067e+00   3.3128586e+00
   2.1351201e+00   2.9699487e+00
   2.8351210e+00   3.6277073e+00
   4.0932657e+00   4.1092733e+00
   2.1363472e+00   3.0773591e+00
   1.7858830e+00   1.8864993e+00
   2.9931507e+00   4.5326303e+00
   2.2303341e+00   3.3713788e+00
   2.7744156e+00   4.1173561e+00
   1.9109357e+00   3.0325575e+00
   3.5525270e+00   4.1006102e+00
   4.5442119e+00   3.0859311e+00
   1.5084097e+00   2.2576982e+00
   1.9384183e+00   5.3504572e+00
   2.3843981e+00   3.7480768e+00
   2.8075815e+00   3.8886104e+00
   2.2351508e+00   1.5977310e+00
   1.5776241e+00   3.4881939e+00
   2.8226248e+00   2.8039465e+00
   4.4193102e+00   3.2915844e+00
   3.1978111e+00   4.5876991e+00
   2.1955340e+00   3.6966244e+00
   3.8350882e+00   2.7562849e+00
   3.2156701e+00   1.8341561e+00
   1.8520472e+00   3.1048747e+00
   3.7222540e+00   5.5854913e+00
   2.3331093e+00   3.1873310e+00
   2.9175056e+00   1.0669771e+00
   2.5610338e+00   1.2053212e+00
   3.8403755e+00   2.1119679e+00
   3.1000928e+00   2.4554711e+00
   3.3035208e+00   2.3996734e+00
   3.4899653e+00   3.7393631e+00
   4.7118878e+00   2.8058765e+00
   8.6164473e-01   2.1604113e+00
   4.3545943e+00   1.9278447e+00
   3.9609539e+00   3.1240498e+00
   4.4366966e+00   1.0391000e+00
   2.8023018e+00   1.7921545e+00
   5.9080080e+00   3.8252189e+00
   4.3789720e+00   1.9418197e+00
   2.5313844e+00   2.7275306e+00
   4.0984246e+00   2.7221281e+00
   3.7015415e+00   9.4818370e-01
   2.6461500e+00   2.1764135e+00
   1.4229430e+00   3.5079747e+00
   3.2819841e+00   3.0334799e+00
   1.6663221e+00   4.1274923e+00
   3.3501794e+00   2.7009340e+00
   3.0228898e+00   2.7380046e+00
   1.2497876e+00   2.7143490e+00
   2.1686335e+00   2.0207937e+00
   1.8435983e+00   2.4664429e+00
   9.9736426e-01   3.9642294e+00
   3.5200601e+00   2.9799721e+00
   2.9652289e+00   2.2018364e+00
   4.0186853e+00   2.8667825e+00
   2.2854698e+00   4.3513858e+00
   2.7752289e+00   2.4109710e+00
   2.7062464e+00   2.1520738e+00
   1.8798717e+00   5.5259997e+00
   4.6554976e+00   3.3075352e+00
   1.7428816e+00   2.1345320e+00
   2.8234659e+00   3.7914161e+00
   1.6679956e+00   6.7013284e-01
   1.5509027e+00   3.3335108e+00
   3.3913536e+00   3.4516794e+00
   2.8697153e+00   3.1836891e+00
   2.5238470e+00   3.8620216e+00
   1.6383055e+00   3.4550296e+00
   2.1512906e+00   2.6651131e+00
   3.5527833e+00   4.0390907e+00
   1.8823613e+00   4.2606587e+00
   3.6601431e+00   2.9321344e+00
   2.8047788e+00   2.7823936e+00
   2.6968924e+00   3.0230456e+00
   3.0512904e+00   3.8260628e+00
   4.5269767e+00   3.4669144e+00
   2.7902867e+00   3.6251904e+00
   3.2696486e+00   4.9428706e-01
   1.5168790e+00  -1.0202644e+00
   2.5530050e+00   1.0965859e-01
   4.1287365e+00  -2.8996304e-01
   4.2615507e+00   4.7542481e-01
   4.1741168e+00   1.2694707e-01
   2.3431841e+00  -1.4813991e+00
   3.1554890e+00   8.1855137e-01
   2.7074119e+00  -5.4078642e-01
   2.6913582e+00  -1.0965933e+00
   2.5069902e+00  -1.8073936e-01
   3.0458411e+00  -6.3783120e-02
   3.6113352e+00   1.0931769e-01
   4.8140155e+00   3.1202383e-01
   4.8044938e+00  -7.2312148e-01
   3.5265470e+00  -2.6025086e-01
   3.6001425e+00   5.9393080e-01
   8.1397839e-01  -1.3270431e+00
   1.5589864e+00   4.0184450e-01
   4.4702013e+00  -3.2681423e-01
   3.8123230e+00   5.4554010e-01
   1.9483677e+00   3.9746700e-01
   2.2481053e+00   1.5162669e+00
   2.9674335e+00   1.6359997e+00
   2.5749415e+00   5.8943337e-01
   2.9372088e+00  -2.0219589e+00
   2.0178685e+00   6.1251130e-01
   2.9451139e+00  -1.1187320e+00
   2.3736215e+00   2.4951774e-01
   2.0069810e+00   9.7495022e-01
   2.3592905e+00   1.8088626e+00
   1.9201337e+00   1.9918944e-01
   1.4789734e+00  -7.2363113e-01
   2.4067497e+00   4.0133634e-01
   3.9421333e+00   3.0048597e-01
   2.6269293e+00   8.1548851e-01
   3.7988870e+00   1.2020528e-01
   3.5712476e+00   4.1279601e-01
   2.0130381e+00   7.5956833e-01
   2.3427987e+00  -6.0391848e-01
   3.1769468e+00  -3.0750347e-01
   2.8681796e+00   5.9535767e-01
   4.0468328e+00  -1.9795863e-01
   3.3276782e+00  -2.3830150e-01
   3.2295969e+00   4.3999790e-01
   2.3831341e+00   2.7483679e-01
   3.6011020e+00   9.2307951e-02
   4.7298414e+00  -6.0855744e-01
   2.2629402e+00  -1.7498793e+00
   3.9104826e+00   8.6708255e-01
   2.9201072e+00   8.9847599e-01
   3.1837034e+00   2.9079013e-01
   3.1129447e+00   4.3995219e-01
   3.1016624e+00   2.7873352e+00
   1.8333350e+00  -1.8542991e+00
   1.8593189e+00  -1.0933435e+00
   2.5663907e+00  -1.6846988e-01
   2.7814664e+00   5.4133444e-01
   3.3892662e+00   7.5122898e-01
   4.7782559e+00   1.2230626e+00
   1.7167439e+00  -2.3289545e+00
   3.9019315e+00  -1.8356387e+00
   3.0667569e+00   3.5479486e-02
   5.2271681e+00  -6.9214254e-02
   2.4926769e+00   2.3580967e-01
   3.2458049e+00   7.0045209e-02
   2.3914195e+00  -1.2225934e+00
   3.3165004e+00  -1.3428692e+00
   1.9678157e+00   1.3312159e+00
   2.5810968e+00  -1.4032172e-01
   3.8998223e+00  -3.0011101e-01
   4.0293657e+00  -3.4506597e-01
   4.0128019e+00   6.2933458e-01
   2.7869849e+00  -8.6569731e-01
   1.9568917e+00  -2.7006881e-01
   2.5618586e+00  -4.0867431e-01
   3.9835452e+00  -2.9769714e-01
   4.1436789e+00  -5.3162012e-01
   3.9725657e+00  -5.2225048e-01
   3.1765778e+00   9.7073782e-01
   2.5860277e+00  -4.3827052e-01
   5.0033906e+00   9.5099350e-01
   2.5679962e+00   6.4894074e-01
   2.6399237e+00   7.0588502e-01
   4.4158491e+00  -1.6045157e+00
   4.0288531e+00   1.4579678e+00
   3.0474713e+00   1.7462567e+00
   3.1553875e+00  -1.2371197e+00
   8.0650572e-01  -3.3340707e-01
   3.7135433e+00   3.1740773e-01
   3.4136104e+00  -5.7708558e-01
   3.1440018e+00  -1.6386657e+00
   2.2399100e+00  -8.1879310e-01
   3.5197289e+00  -1.4160059e-02
   1.8444706e+00  -9.5249161e-03
   2.3101895e+00  -6.6669915e-01
   3.8641494e+00   1.1341944e-01
   3.3983628e+00   8.8396989e-01
   3.1802577e+00   5.5085452e-01
   3.6829643e+00   1.1706087e+00